473159
487079
311224
370760
242874
384631
243267
417420
42446
739767
700079
322947
555798
449891
770243
843458
551580
498363
754405
248841
853685
625697
390454
575107
782219
159594
693758
736881
47001
461739
30914
826079
700854
509560
693799
1574
62875
199748
555981
211815
961617
59169
193038
278795
147144
471426
50727
846639
457030
868961
656505
517867
188687
913084
763289
660908
88914
856294
330116
986300
107334
667150
263506
230913
810768
619210
622964
119199
540956
625583
730572
625581
442660
461204
684017
205027
169247
161291
332168
405369
905999
336179
87233
427473
358315
51876
693848
603491
196421
787130
590079
439667
104883
592162
218315
973691
965798
703862
315267
833810
12661
48483
370640
792003
964847
47077
548805
15089
749322
784480
628770
166979
155655
867839
73099
280734
794807
707908
364655
291497
342823
859817
335450
179304
148961
883893
227898
998305
450374
178284
55176
633018
694012
829060
808614
840396
36945
783272
234295
315335
136200
358729
161122
520040
872682
519168
739200
109232
275613
197457
429098
91568
734325
975516
418227
776239
451861
439192
275882
954381
590707
372323
713394
963796
603876
198934
685828
596002
85986
909805
670916
60904
663670
44620
841861
29002
405656
755848
573413
893759
555389
522294
459833
122834
472611
199142
836073
741674
217135
518309
197096
67670
232126
169568
128977
764124
351154
104796
199824
425993
80069
193958
466677
645713
25202
445863
411650
970192
144576
786519
108004
729792
923448
446825
58167
543303
415729
968375
432605
479204
815119
803943
825560
929209
61354
583818
185660
319667
195068
46723
218821
12331
385029
801411
613718
325284
466531
928498
359070
725340
698206
909310
469078
56761
569817
737200
406910
903514
454933
861896
786303
188762
68540
162273
839747
78017
614512
912817
522426
167119
391332
458220
907557
112577
995645
81528
707948
631950
569345
290591
903971
366199
188678
787721
958674
882092
156264
337073
964777
850273
193013
100172
622470
1476
495017
687808
636334
935381
798628
146861
3518
506732
501728
332488
297034
715765
455655
717170
129493
326267
580305
599237
393805
801704
246804
521069
533364
117029
98180
865957
513234
492918
302324
556972
365117
347645
472654
803199
499688
842144
671970
581176
294837
344432
465682
754915
325297
389553
581652
792713
783468
990310
789977
520766
695232
281412
699833
451298
201026
798350
600035
543362
675062
51895
174538
320742
804798
791619
500717
878620
417046
240504
556539
822008
237881
248732
216390
646939
302235
348847
484234
219847
866395
856332
70278
945090
469378
754770
790251
644585
788375
214015
380327
756693
804666
542200
608809
434342
95179
741258
828607
844316
233524
976201
342280
654474
488229
456351
324522
332444
223689
329616
217025
61196
434788
111419
489414
472393
255637
64761
733459
433007
789211
905785
142123
383311
824590
31682
600566
900873
409543
750798
389817
552128
985845
130931
581422
311612
991945
458412
261793
360138
631781
932300
76422
992095
15176
311421
35900
212415
924351
583089
233750
515266
240491
670571
606186
510395
762474
422132
805534
962462
271216
340695
893341
870875
16835
640187
777716
572246
96873
984848
586576
896522
328328
366051
71400
257511
890403
48277
948665
959165
771749
985285
615429
577243
428910
249417
194866
507084
151290
856934
330112
607866
498294
711004
469854
623875
320880
795811
731084
585999
886778
165707
916437
725112
103452
778293
765844
619557
1696
872438
591568
111418
201560
389338
938914
832912
279837
570245
775656
125485
322232
738601
859676
947949
764288
776436
577482
77499
174050
772807
482812
656289
413163
49084
756510
933250
30623
805423
848982
288529
602306
295056
478344
211225
435223
756553
720560
344565
702494
732581
124794
995894
635374
982305
481982
251883
365371
969947
119705
864337
377130
108025
710260
987334
239143
109467
524353
445720
148675
186219
104006
786970
953716
93438
184396
335069
754082
608992
139058
818084
701276
16122
154524
661715
341411
984489
955110
719997
187516
580127
405147
560929
21463
187368
573848
567102
662802
193435
969045
179457
807245
394027
502518
435560
519389
980546
799351
800211
504141
413154
487464
951958
856518
915610
157426
561480
140883
993742
919687
174968
641352
201097
612163
163698
787877
117045
764996
704120
398658
629948
310248
310304
609818
52011
581610
909771
544876
549389
442230
309967
894485
900418
416046
344118
12130
213238
540862
113444
677596
721323
897140
423839
745031
258556
842710
903383
770760
848344
801708
788127
252184
334319
117473
727856
33844
345635
335126
661401
816965
230487
304711
329121
189488
190661
130027
630092
431109
699938
270603
11541
504639
776856
402018
439638
989586
832547
90390
838770
333819
210014
527609
425621
554310
966204
480355
932311
534012
11533
757860
61324
381175
99566
145367
902707
951604
904058
544625
831175
153803
820334
639460
535454
133365
788511
807353
659032
113581
589171
574862
600276
781996
798752
855077
330043
878421
458667
593946
281863
96892
369565
636695
171384
554030
642035
125429
366380
445307
219311
926421
920943
58085
145771
803140
331020
569852
764513
970838
902990
641247
177132
383506
950168
32413
789637
538213
748173
114902
208901
351925
858563
617745
600166
223044
822322
231761
233537
431961
378229
221955
783978
678515
54851
556692
350632
576719
88262
36827
811147
980543
8175
610277
167188
614073
117641
874352
382596
245700
461787
743488
793800
610035
396213
402379
143209
154792
669189
889107
509961
256517
126026
85255
480486
145184
906181
308324
21117
393546
327536
178476
850513
684762
334341
390122
931254
647423
273808
867477
790599
766762
611512
771655
759229
273022
368675
339582
80782
853579
36111
174536
733269
985770
944440
856074
25900
998755
443563
805967
64576
231171
104213
696635
266045
548339
855860
35003
78737
216778
183582
865496
939557
775746
340275
87510
937376
194312
547428
793361
751820
935664
55296
331503
624895
611889
826097
625716
296296
713766
881165
470980
312605
551598
39049
932840
902001
64576
154236
475548
722979
564724
943628
353535
189440
53668
99736
586281
609686
891570
796100
947262
410806
766249
721379
358868
981279
738143
272203
475219
131494
668366
760326
492839
6173
164528
383047
701449
892297
919205
106682
799540
771771
916510
361633
349835
9595
116653
421203
420242
95728
847746
998029
866101
446573
795837
536900
144984
248457
780692
862053
751629
490703
2732
933262
629294
410018
544211
782497
941599
706663
883330
767282
11360
642738
390300
534757
859110
199658
915396
383933
969164
771280
726122
952611
882233
167020
747546
864174
429538
17191
954209
682151
150499
246737
112293
145273
424354
4423
103676
470171
476396
871941
441135
510450
187162
661189
187615
280071
790570
715610
974430
164327
451880
265798
331862
925687
745754
430741
749299
787441
605452
921315
628477
438959
712747
42118
566232
589430
561680
43551
645031
815855
638286
212078
12388
175731
158569
75244
754113
25945
412019
224689
119844
166242
550483
386647
235042
956464
825249
711598
437204
425482
711183
498957
892934
587785
851080
654217
708267
839880
741220
315630
816487
181069
193334
902543
457089
107147
313840
86062
145837
791539
573900
667154
646610
537866
468188
104291
861173
456840
280696
125806
661341
999455
60811
381108
344555
440981
993559
29681
737683
143920
92705
958936
301896
760849
857225
101176
947332
772731
736455
235094
127635
949305
162159
32428
120117
992474
736919
536335
669443
44934
836114
780272
575071
139538
203902
230126
456418
564595
41150
249062
11542
474889
649363
581849
305231
128286
245073
366014
857071
294894
967149
891787
138268
61464
508027
86029
726687
39303
125097
827754
457506
87050
875445
498716
400322
488099
663772
995669
735963
903908
441498
355562
798490
690908
321467
624800
345183
752335
776948
850914
335733
476306
309821
683532
975796
657058
51193
335580
603190
974642
179642
470949
33312
139524
372941
726856
905581
732877
645934
765130
914771
149004
754133
36612
346842
744761
243308
74780
915743
661332
412621
856807
806107
646610
934706
604681
323392
271224
714818
19901
225400
831471
755848
702176
659242
499228
344652
933445
609386
531867
636633
356562
24007
508765
661473
550649
624714
402544
181999
768035
381983
746443
804661
342883
567708
938880
115545
293631
485521
84541
930825
261497
307918
983500
766630
665840
562233
437177
567720
400365
13818
991752
294540
211045
596992
352368
862815
213513
529354
674270
147616
405404
82494
812400
404428
286133
814547
310693
806327
680777
135645
1581
176316
71319
195180
395034
770647
108800
354262
107009
825918
890082
289510
272838
283957
99864
618706
756006
196101
820040
783420
476593
385501
510569
402833
605652
616173
56198
802409
527754
791212
165387
545937
997506
266225
793087
575394
768288
951487
168637
743824
818419
238689
262661
299041
172171
361878
817282
563871
637015
260991
206719
502042
4604
803697
320661
257767
943143
544199
345116
981717
704048
815252
791780
425526
731223
526192
513440
542317
461478
375248
34342
604149
925625
594143
546342
29176
238726
122162
869731
431952
113065
485239
516544
189671
637515
16287
744071
927369
500648
658827
710673
441251
937706
429465
906649
304987
51443
744553
607994
772180
874907
381309
400839
572113
538490
689106
113308
528367
545524
693160
910025
230212
857148
458610
321173
550748
596282
178224
810438
237517
346726
42361
555303
515986
417614
830928
591972
93747
477255
189268
498144
602616
307300
208707
744956
383778
1720
722122
10923
313570
65881
726437
941616
24531
841889
170118
654841
239209
321798
645890
716661
926113
347268
823245
462223
865883
626133
625592
384882
166431
709224
790052
760370
395727
967858
66863
740501
517302
845132
911816
380342
331777
244590
226454
231315
28659
603387
874421
221218
945600
111523
740385
754899
378987
39886
313213
251703
709004
847346
740807
920223
587557
512272
677373
454245
381589
719802
625451
389371
742661
624820
382669
282242
357425
73774
26972
700368
751627
241464
746519
738391
799051
200206
645174
983231
614073
713990
258761
94844
371292
759614
325197
475582
676970
933859
524039
216234
92309
665209
221026
565402
273208
294663
603366
423711
534233
324198
185086
219740
422519
774111
897446
981506
541659
523227
4424
374016
936563
112586
65620
613069
844946
28219
76273
666076
921682
995730
788116
469837
453546
856747
869768
726725
418347
792354
803226
649954
43134
661414
217399
545948
461267
30093
257365
863665
906272
520447
609962
116015
254063
426126
913061
356940
923061
987139
548699
369114
358444
487117
801099
795338
635446
217586
81007
588060
508070
432522
389987
257712
67825
340746
81025
616681
460956
724285
115108
411299
665512
251579
852487
890430
593362
500849
348792
325927
575923
359181
415356
254994
627824
451117
439585
474357
47336
878991
150334
638342
86176
660075
84845
736163
639087
276353
502686
787529
919952
146276
661513
251321
199248
724576
991842
745136
361321
363029
961215
303265
762063
573637
227088
678445
978209
270158
19173
760736
469534
815918
701012
401818
678927
364819
224044
520093
961792
241106
1312
759106
269624
909419
9085
764277
275926
802962
445355
587328
681677
229948
234111
232989
716497
208675
41248
395619
992216
651025
893717
200827
277880
70924
649742
768861
381254
848086
714072
906534
230867
512382
723982
869148
696329
456216
134531
688847
264877
915270
542868
980429
613241
627383
211963
839157
906878
218232
168773
396554
516320
597694
897123
99232
680250
382187
710847
841844
971667
462782
282563
381052
887407
957945
584382
55538
667312
516828
114120
850354
629339
129191
688488
38527
734483
599396
367461
684048
355617
341728
716501
183692
794575
529341
996767
79402
365044
68746
907403
903694
210452
63662
270270
38169
492374
550772
150958
307075
503956
110678
523606
110364
577630
841068
694356
548325
410690
855523
886991
994512
228684
317425
928570
483215
2556
680491
20602
808865
606802
893511
192850
550803
12995
783783
915149
736442
574526
774300
901778
707309
889078
977098
565311
130393
709797
212437
69439
765784
303376
517626
460320
874157
956442
746357
879049
100004
843915
448297
250500
664154
875067
46603
297576
473113
580084
255446
653267
492032
138293
717634
105737
215444
13493
338698
243562
409866
828368
83308
755850
220955
547090
660730
705973
675674
671004
399634
342241
8660
723121
194006
779564
870405
128683
688662
539579
252369
316758
238999
590044
322840
989980
173858
814385
820259
60863
196384
13361
331022
890228
967831
714368
82845
176764
888371
879389
112938
818955
976770
795231
715088
678549
895002
363460
401361
461519
110775
869755
882006
904377
164861
849671
616571
855816
251929
770307
252392
902940
390862
55443
704665
505163
195199
895904
344755
344041
454225
919752
648334
296896
669449
520615
5933
447041
344990
997483
943404
426261
703106
146894
378984
432213
898824
11835
946573
895856
797813
245142
358064
644031
930731
291704
162176
684076
950419
333364
643859
12799
466320
522348
641383
515619
532708
378299
823727
465822
137155
648498
296118
946029
769540
935940
597866
318859
618921
402635
675157
588282
796111
274250
314054
777585
555960
939737
131787
497744
735528
364293
295401
552543
628936
995787
879926
723437
641700
383959
124954
704398
920805
171377
240471
127338
394231
14919
854618
737334
250613
582541
637501
199121
183072
806307
116601
821209
314245
202443
111751
920189
297281
111276
649326
587152
800525
246963
493164
847684
490507
567177
324514
325616
813180
620308
838443
778844
923834
195651
168416
879573
882579
898927
699521
238047
846931
56243
123099
265475
108933
794668
441652
856469
489247
884281
648816
914511
320028
413
904889
251182
269038
920883
329267
133858
147699
669572
876718
965144
685368
401144
748928
147334
608232
679674
63765
896556
49472
334685
825883
465380
830309
680392
788177
219811
923535
870320
453674
129900
373994
758709
763291
805768
931541
604599
957113
128296
702564
979002
845741
145098
299758
992881
960410
480578
350082
270052
28639
306184
269472
79583
975675
784989
675907
72283
661153
142391
313813
94395
625260
238550
406957
363623
602297
463834
340618
150598
216602
270980
833634
441414
652106
713904
588667
606620
855656
59268
591569
103768
292166
682521
796052
87417
640729
721813
233046
567776
829518
582390
848922
682252
28026
826147
356316
785619
407453
995071
112978
975827
414162
678273
54127
476405
407562
754576
253291
245798
669460
690557
534577
798096
720482
266602
484555
935964
954264
537164
499875
94266
399403
30965
919584
708786
818819
488455
433571
796422
17055
230640
890406
236625
650994
847944
135163
359592
160067
954946
781344
12181
50631
680377
280492
535707
935796
118655
153010
903943
128925
886668
508388
888969
616130
611517
70012
534757
571136
673358
143196
407857
172059
302869
575637
24323
127849
896166
708638
370237
949242
865300
539493
936957
605079
250403
22814
303980
691190
912591
590457
270158
4908
390661
86511
667685
722212
54620
722567
460329
529013
772719
737464
707785
183433
963938
762526
576780
858868
379294
678055
216482
108856
574445
834427
895963
514793
380363
70732
973432
641431
667511
743437
534025
871048
847179
500804
356822
16376
918531
353732
42197
99567
745556
910128
440187
680056
219189
538798
392440
372906
527161
633141
73445
69702
331008
67636
686501
5934
840493
301289
627229
970448
531877
469909
695809
265837
727547
294624
531130
109698
327744
542838
324344
246897
923882
136686
969240
647145
282368
167159
970800
386075
261776
795900
448623
449097
703112
128494
327617
63869
340177
904963
280794
597789
382658
413887
863082
790745
568311
134413
13433
231443
343710
870175
915296
985202
468635
79202
74550
521771
763345
240027
597376
694385
212760
171928
712680
973888
264293
468563
139030
138380
217778
348477
179634
8616
68066
622760
176250
806302
999424
819132
907643
711457
991115
707498
21724
345687
801457
434188
949080
200153
148867
211803
594220
561621
15394
247987
201252
922610
380670
25121
831210
140083
687517
988877
349047
564380
3618
883158
700325
526464
566447
755270
726530
93282
391087
754968
708197
122166
622177
351445
624077
861476
330490
101739
284122
54139
993720
693586
768017
608140
822565
139812
159296
630097
30018
73792
845751
264638
983735
14040
285017
728797
222578
909580
895800
96979
800004
326891
755908
972466
346656
269786
168080
18376
639826
842394
757974
198194
606709
479421
151502
579316
939406
971077
779354
685666
568716
450668
258817
704829
506218
19128
6657
697809
761344
836554
926821
323325
352097
497611
905930
979848
277414
502863
511861
813724
14269
265839
379860
441132
26446
483810
550015
37045
819436
214394
825165
888746
237179
158629
752673
225043
24281
310895
566890
106459
586577
453554
962845
839063
809175
499150
691612
785039
18503
510310
797960
367770
31721
798904
254779
918812
212540
33035
854534
700746
956164
486383
395901
589622
484890
795307
588290
243225
910256
737358
463141
743513
481840
697045
852938
767485
823251
969501
889151
864696
839101
531169
658217
55356
15408
575950
857233
732849
910766
254755
850435
543206
18147
645481
744084
864760
440826
598805
869102
745311
437367
637051
860416
853825
272556
448443
599530
440460
408536
38783
110625
476610
701360
521998
135468
681437
116436
61181
371868
434623
662944
103537
3657
972211
76471
880802
467908
629088
703237
270383
85011
348005
968857
341691
676695
278198
183400
593649
289469
180760
466276
250930
642198
795956
698401
86900
311045
410145
906691
545679
79907
675290
545649
641679
407232
509063
917727
246309
235352
859947
811483
596090
353328
814236
279145
306364
526790
671571
240994
348283
73558
336941
793456
727389
900231
897207
465310
522004
207513
809673
592740
780225
748531
936202
858689
343460
950540
992040
248723
609322
617373
38003
534055
440285
324721
821885
496128
801557
322824
445137
455578
384104
443272
686469
195557
377354
204100
392471
581539
280369
265505
519788
621789
541530
206505
657334
399185
189329
323176
285687
932178
174553
625454
10640
815734
313549
801879
59161
689397
282020
568346
721619
726962
550867
474893
714673
739739
522925
857815
454531
502618
191396
766095
515580
556854
417705
65018
307173
900955
335657
512711
844978
399585
591824
99302
360864
700352
940109
739169
16944
382496
119430
863002
407737
819597
624070
329688
949279
716386
898221
63474
6047
307394
58968
848544
661526
488083
970866
433395
105703
38673
619570
824944
269172
537540
139805
382796
638614
679332
30833
199644
57775
742589
216129
970538
262412
412752
716157
168344
147566
904834
498383
256334
395343
948777
245577
483275
901935
704747
309959
796809
405221
67423
96660
521398
219351
61580
519452
665673
623351
999161
630230
44241
50786
554348
19333
982666
199878
400045
721961
477124
214843
88214
349109
216557
347233
406780
399855
333519
40789
371980
286399
316780
450223
201121
895649
787593
163775
411514
811558
762720
911596
34626
733138
557378
598394
755176
80091
85855
52725
469932
737653
770362
628029
988370
227730
863200
583107
873259
528235
551514
700534
118724
22388
959924
750370
850708
729488
885441
784778
217067
613768
571462
962670
164948
104359
30663
127216
647058
671505
123060
942749
615284
395614
274256
882121
471113
968028
346516
201649
374484
775256
176880
34697
879375
357328
745495
978607
21030
452871
621953
242831
257262
84132
594864
872292
9754
102043
762580
493248
60395
692843
119227
123428
100772
574661
138554
496038
864026
464563
722598
508157
529846
705867
122432
645742
51238
209513
90602
667363
135850
555873
585766
76779
283192
703684
337393
955358
355773
176786
953349
903261
638911
427424
152336
437714
11981
154266
215941
552523
719464
934915
883773
407046
174430
707957
26833
699792
482516
49
761524
48933
439821
370727
116994
353280
682072
905644
619016
768285
470993
410436
395026
245978
196597
207910
594516
725969
430856
638537
187397
80324
897449
599400
39822
104497
715496
749121
659888
605770
819628
876874
815013
310534
47518
970971
613986
607421
780726
539357
68140
707568
750090
409241
358039
221026
683578
20574
815523
930193
137312
408230
97231
964448
365871
265865
477852
813703
563723
623418
742375
546715
409770
824801
60
49958
763616
269938
763279
699709
53007
984339
335669
525221
230297
705643
921664
996882
382253
544686
859997
136665
708312
330972
382976
20679
483229
747997
204427
47129
255503
740645
839166
928233
736920
755780
301951
14560
57611
177352
332007
308997
357911
168927
695953
780952
897451
970972
401325
793609
457787
302743
872884
29066
39267
950023
189327
539559
129601
448507
14826
874921
545775
277319
334031
551100
293243
548242
62483
282258
233387
703499
527051
78640
323021
603813
962251
83045
126098
782614
451781
44242
12818
726917
379634
350846
374914
727211
712559
451281
490690
196834
13949
747052
946910
202187
166032
808779
752265
659297
552756
820255
175496
687415
438877
508067
210163
388097
576654
644348
728678
44630
765855
81949
143876
20320
846676
56905
97238
938896
859508
551385
262897
624701
12235
246796
758977
942976
683409
776204
832553
572929
751035
492358
331779
832432
141525
158991
590752
873836
486440
535331
928110
162812
704761
833554
476399
545787
478521
221173
663606
536791
208994
346478
113254
192194
784210
838494
780507
139684
549954
358571
988533
654435
859130
659675
350833
197503
362394
805516
557658
908690
674496
519067
194064
669400
13326
952664
310841
689088
406834
452918
128436
896561
409249
102723
526984
419487
674783
420052
861170
422173
59588
252877
265901
195328
892140
780399
917976
116995
8427
698268
984301
260123
145534
905303
571343
343442
568653
469334
967790
158289
161332
958367
606915
493042
374954
673985
171666
268012
441814
788007
633504
382972
737047
940036
487539
361166
609631
496164
766736
742455
196968
983635
59344
292089
675394
216943
758049
20124
926069
490100
945442
544256
432721
183633
507996
233905
354051
410306
253439
908684
115661
525797
949774
897741
559990
753229
810611
302314
258007
710641
683947
293658
951610
387878
420982
558941
559772
147326
491774
8847
521571
41722
484313
82378
748101
621851
12961
261367
112121
611786
13628
93613
780349
182432
324317
6117
736262
277972
819875
818796
362453
453770
371699
735726
571560
874840
155958
122719
571177
643400
20494
487258
509871
374876
513387
712758
763338
29788
193937
418811
762130
609670
88564
203315
773312
413483
224666
237705
537573
705972
716170
825726
502718
642870
907465
43731
386505
554080
475760
15462
841860
979333
456727
85952
776321
111012
109952
155088
341473
73048
215223
102837
93374
36735
362034
21304
696482
711171
465009
573226
675808
706049
332216
619152
531960
385328
916403
627671
858528
247416
758927
529799
450624
344163
447715
738294
951752
649331
414811
47945
285887
422321
995408
594315
736472
562579
663594
782251
107071
812945
882253
818448
512184
553195
241448
301422
47443
323645
228868
214230
595498
982540
180076
952976
625383
95311
553456
533996
679115
60872
700109
786948
564862
12714
361466
193920
90133
121893
776669
643850
201479
503660
37738
393760
989054
758020
259930
307150
544289
273307
131560
836517
327244
355290
582593
442463
621969
323670
131743
63117
219991
737681
745378
896168
434018
789307
664744
180977
62307
590145
9319
188609
577869
199827
630782
401666
971150
493530
800536
859644
53779
496328
197563
125955
447241
713022
51104
124999
212684
840511
760800
117862
824871
976484
96879
984850
386486
817038
98119
130119
820803
171878
939220
366789
719107
405822
67097
510953
547576
474593
587460
882996
133691
770887
452215
89149
803970
773642
141002
913062
888434
901838
874543
507345
225567
865886
571964
409999
685637
993550
986777
771740
219640
878876
551479
841277
512763
909121
234406
123118
903009
445317
703657
432965
959693
831726
666893
926
671502
752615
349608
892193
330811
764669
649153
222403
987084
375900
612683
702504
653088
930828
467480
422396
191716
346638
326968
464853
232271
112657
138167
96455
439972
840100
142144
634730
682581
933822
223061
417648
620237
817829
194912
309275
478734
354016
922355
662509
837932
822070
300124
899398
67478
197410
921914
525727
489940
975673
702398
54805
893374
675740
497573
302883
153105
738898
576494
415956
484975
925280
362656
924719
316388
153259
706559
36239
822425
796924
102520
494243
303325
230008
306726
155941
197218
710106
436594
325858
418483
576026
392079
415165
578255
727706
615860
488096
253577
364609
446752
369957
253252
884442
671919
138335
161306
68971
302833
186979
928320
387868
959715
752164
611141
689110
89602
339747
891588
412120
535129
763422
756190
443084
711089
917902
810459
95839
990739
256565
359210
973431
726594
258640
31992
291616
767405
902492
720945
874546
828667
197033
133097
688717
916860
352879
699141
310146
330482
79465
418704
799919
182855
214841
154664
830937
315651
767762
673635
222218
36630
209698
367889
690761
697719
596259
19651
857442
930264
651585
770323
886377
9366
501075
422031
40925
395609
778397
898197
977568
615525
460431
331200
532297
785685
172043
520023
773481
633819
102770
723101
751077
633021
125273
303342
764120
722858
381107
628204
958617
235321
394270
480929
525340
686441
873761
262173
826758
821095
6692
322164
868224
241136
298004
978450
240503
156225
597611
136994
868830
933003
329875
730969
283588
800322
164419
926398
271079
829235
42845
949663
239614
758043
157741
822787
967878
168641
842961
635689
458854
582503
121990
120524
931521
676644
178232
969607
888556
899629
760359
197286
375610
672094
688606
226231
396337
465638
915243
614356
542165
410575
27805
689318
87491
42214
270172
174532
706534
547431
353341
897958
240106
836816
104375
131348
782981
564980
6686
362447
205049
871040
859344
368384
182863
767288
655529
62586
740196
466563
723264
324462
793362
713664
191896
568112
495317
836621
287837
584758
505285
820272
249439
555920
78352
123364
692967
310029
962402
202939
892351
455379
689998
492463
836390
56628
948748
353014
809986
411499
371103
846152
922303
802204
66923
100995
228366
794556
904693
593569
993441
537857
330857
608905
307828
26136
290572
512998
850010
965718
432105
765034
908978
825549
365943
563703
393655
991566
853372
879365
557921
423701
509507
910303
397640
124153
179612
731754
500235
286644
955023
157190
842986
341642
355018
189949
648604
262302
282901
977349
556504
226686
729618
364800
98902
460986
21193
122724
641132
203020
811403
656452
682987
135831
796212
547734
544276
883990
161988
347179
503532
743689
95612
542781
814621
557497
510095
161215
678722
686681
428602
973882
463274
498238
545582
733871
506885
892447
917
390416
209245
296566
101836
490950
575645
205449
673803
29433
346708
206394
834572
63678
284826
717838
397519
650970
612894
827235
681603
986911
107466
328933
100955
85942
895697
737345
913547
910653
529020
342605
622930
650085
211317
686897
352762
53034
849783
296962
932161
195921
202440
40656
744107
857735
869256
517585
871928
264122
7796
245687
759106
731641
882024
719367
959353
836945
693266
112624
150022
188411
907846
788426
226471
930150
608200
876822
415106
725190
321316
568895
941396
960970
115376
132067
835608
382852
302183
119190
303007
463353
777769
762092
128545
496071
781013
920461
330697
174797
140028
814887
950141
460891
356029
392272
280000
14209
670964
377843
239706
687297
811714
21781
188199
367595
18408
845357
4407
199341
267768
269464
118562
867790
95100
635905
975602
804751
240512
415571
169
472498
825011
350140
928560
454701
795496
236508
103478
665685
385966
443411
174202
60955
169186
858226
403627
520514
872794
606772
651921
142965
606769
849455
593806
302792
25897
850121
924948
293292
98199
568133
754846
252507
627738
429752
306661
125770
754664
367406
459008
602370
933599
21561
771169
662505
101477
826560
641454
89245
366525
533593
911295
57241
956296
995447
564077
521897
665390
802576
407021
605108
365967
290681
922176
280243
784687
420001
347341
15376
951562
13694
325118
820044
882913
703704
427550
748412
170393
804906
724966
663481
664130
467157
850700
905403
4132
565756
980211
792878
193353
484091
864300
39701
834289
594821
419217
393556
869990
990306
683108
429385
780799
239191
670145
975257
973583
166207
444879
658376
573434
439230
147487
113945
433104
849392
146811
670299
832180
867955
351050
590179
196155
746971
208496
644752
935326
707354
286715
955531
545281
70772
688987
521253
478437
539992
394197
344340
969395
612908
997865
162417
326874
294405
631904
512058
115837
89426
80645
413813
510132
462823
724679
227467
484609
893831
462257
65131
100495
297072
420678
905398
984132
787377
409926
149794
972467
34934
70124
364375
926671
403396
806128
806491
232575
271068
288528
714014
129305
379092
711538
732389
20337
601050
307392
809683
434182
222680
989591
257021
303837
92739
216704
66255
389297
503498
218029
796755
704769
555608
994554
531517
903720
679392
405630
815775
202085
439840
902304
284724
291518
784909
67159
901353
613457
852571
522080
512325
107947
952204
145357
264402
785581
87820
591618
709544
643980
911380
131086
617051
798024
456468
40149
77185
548119
939986
632788
717262
563804
18898
141128
250556
988739
817283
155078
661639
473112
621631
554230
652092
816788
85756
273816
681948
436215
727666
269783
220021
757938
88405
759203
571488
863798
610492
509386
440052
536340
349875
886961
69773
321629
742216
297703
95899
6277
22034
436312
484047
128383
863587
336125
725572
990771
64892
225115
836560
375730
665041
247182
412431
514299
89897
255918
989781
78542
103055
366072
324769
354675
675796
7879
279737
69177
35971
305820
323503
750137
406887
531970
864780
356984
106888
387007
977305
19881
372721
561960
462783
283663
327465
894630
592063
72
794161
958542
680529
59970
727242
664243
37606
406610
635208
320798
716446
509547
188350
360737
763302
6246
128217
634419
440546
563636
185439
349477
419055
151009
368512
403645
170035
111023
83546
987626
216989
339324
877190
188437
205536
428158
864158
195510
924693
173734
517634
530796
536286
360024
103194
729970
388328
478547
997720
721852
122942
145818
571221
187928
575583
66042
92635
396244
967467
595401
694835
212903
973508
553594
328337
422021
908457
916513
73412
555483
160800
249803
509695
931520
149027
973547
259593
919848
572822
142393
127123
389434
738978
549177
549519
384649
910350
454636
354578
759897
561062
265617
30626
885053
841755
993869
386565
997276
697701
953325
760301
87768
801880
606431
835066
485610
981376
188997
604516
45103
647869
902241
919467
650081
28577
525790
603436
644575
530548
647825
924748
704746
78936
953986
60437
712578
626586
70611
528341
133459
951387
668777
788838
536470
402830
326235
411351
865100
856792
955367
916501
977421
220807
75349
530807
916214
371459
735518
584655
492871
763957
661828
221660
623601
207934
1674
228994
707097
873708
708124
781925
248948
54003
70339
636995
952246
149778
556045
158119
599333
751342
945446
310224
700888
741187
5742
568656
544951
704058
153624
108741
616235
318469
918101
212770
336228
90593
110171
627237
235957
543112
569882
110241
506636
159509
947365
331375
753456
289198
254340
520404
743345
795880
331351
714986
376734
144523
712949
905497
989997
483934
903439
887289
881380
822080
688038
802838
619053
808226
477194
338506
939074
329301
65121
73547
354623
994788
433071
784125
706920
217628
307916
486324
779613
485127
21339
396484
817986
841489
286947
416660
978620
609693
946899
603326
964070
892045
601993
384698
783608
49850
601229
779834
162241
381290
965979
637669
291561
263912
410261
562623
469233
373208
653180
943723
774342
905763
369252
257898
350008
684087
891403
232201
650098
542709
56219
553205
200575
179650
235114
478965
906124
590153
763989
180467
950739
198009
344746
853262
308611
779878
858127
97114
467534
851478
366622
127661
187706
483554
479697
490828
51447
705392
946198
913864
365694
5199
971212
986000
528083
797165
31277
381881
1144
743675
162224
860427
143305
380515
576948
331208
21513
571219
575584
946846
548738
993010
798691
711314
557702
849287
6316
983879
487623
469102
227000
996551
98579
192746
175400
942481
556408
865627
885554
838043
32223
650415
781578
767158
173245
725643
150511
265276
317927
243090
308867
537351
903298
777964
126612
838185
458003
312598
596516
476537
799198
325425
48683
436593
936692
149288
859303
543229
362431
284503
126741
915447
529191
271085
203079
587291
138094
328478
139494
442253
158337
64618
63003
828604
880578
877599
142203
847873
653806
690171
293748
194284
828070
169998
684115
11419
981631
887118
605482
204930
699333
321193
830182
884919
637125
887830
120104
382752
502076
560795
334275
822744
604374
405806
554604
172431
462206
237562
289366
969852
298599
701273
778194
416003
832392
372266
580188
527825
107982
712503
56193
113379
428835
472980
9183
250708
322870
650656
375530
658382
359064
320863
549074
808381
502960
210908
254226
24221
696545
562439
34711
325465
863323
501639
9258
151003
745800
291741
132883
161253
360548
966418
869288
92150
400071
844805
11513
185532
760836
575990
107083
209143
513746
508064
613266
966784
699404
753136
553784
366697
254831
748829
895992
24536
849009
16614
951239
439478
839785
626149
237342
742932
663544
807533
268242
746356
471867
716436
356141
107124
376979
913733
704047
530599
989859
492307
741247
812705
927937
814967
550164
484630
669533
202472
346350
959790
124624
978166
714021
255701
88052
453511
832956
601123
942473
534678
666352
51422
768524
351785
193118
851836
673434
534382
26073
72261
559980
981848
916511
778555
520900
191503
904646
434037
141905
376942
91568
762802
733839
269026
684834
667378
932748
85655
87293
741957
192075
532110
23666
887500
180215
500182
677962
412503
72928
133620
399417
745634
74526
638889
740085
179912
955324
632438
278004
748146
206076
801189
556842
85739
125860
461453
72359
583845
550583
842907
701799
902168
240344
331276
576103
326837
850784
209701
209635
46957
246789
356279
891293
803748
560146
744915
641237
440764
695755
405135
758457
516666
963822
765248
901225
425307
521991
714209
949803
569011
786443
660393
346658
281552
169289
639238
368739
9045
381856
125534
760569
95478
223330
466999
850407
36689
340249
299929
220407
248947
939270
202187
717640
434318
139986
233723
955600
739280
858721
625632
118479
863793
877480
480681
987771
455197
853975
195079
405036
283069
937300
230241
476602
505144
325582
598154
701427
393314
883883
786945
257426
964820
665054
473432
777525
587479
449814
948938
489847
203731
997935
828375
135259
544231
883384
688084
879901
293212
111276
547414
61767
608844
439725
229319
916005
199860
50440
980921
956843
927382
181744
738375
1252
615707
854456
182429
835194
718650
287930
343642
46346
657246
974539
203257
560775
902716
368570
513830
751093
754972
317244
856752
185774
668526
321973
910679
407835
252509
445142
967358
432430
612062
456162
708161
812177
633719
596666
701900
538925
228832
113068
366772
656977
602003
655847
707342
569375
103295
225204
997164
716024
947644
688104
873914
699428
543038
719187
792855
130755
594581
864943
561863
964634
559386
707699
19687
923011
751021
620219
375672
448901
672586
532397
518157
609222
523234
647663
676540
265073
780786
435281
276308
326099
236112
123534
829692
731364
655657
97923
497262
814857
815731
996095
840420
246855
15004
78897
415317
100363
663166
60096
215419
197204
665567
723452
971444
142913
747156
16909
1685
434374
513876
226354
813037
817292
301363
969823
384589
737131
239250
263695
156587
663299
820172
93188
388119
768743
953711
331274
932516
169648
464942
245583
38751
172759
25663
251419
108424
218721
543545
316260
938808
558050
711485
470897
171812
729622
767990
82978
196292
193148
207648
768950
66351
615406
560607
829976
697375
936385
143539
383308
869813
287666
845473
723875
331800
797143
839603
883435
771568
520416
698682
382630
279406
504009
380817
35770
328045
392169
285797
567663
678323
944594
382947
224323
187283
614148
700860
938730
858611
116503
287198
918721
864567
357838
662443
522664
789903
643608
341007
391994
861352
506561
824749
386168
638006
976239
775948
193345
127802
705580
679138
849323
560699
890988
356111
500801
972170
28107
55671
790027
211741
192025
459269
851377
382571
614916
502544
285600
314844
377234
10421
654301
310574
797565
762021
51080
413077
164799
819238
873869
584390
311931
861377
659484
81388
542348
36576
235881
228846
120582
357426
316347
229307
575856
819765
867806
243611
892407
499465
136717
886212
258101
264269
689450
75057
778003
607593
650888
831267
824330
255544
6742
886751
975943
228287
820572
631227
543563
136124
950475
780913
833304
169501
636112
970626
945379
477918
641792
939859
201650
604036
399835
95898
213278
568307
286657
587198
430753
454525
693408
537509
546068
61841
390033
616821
842052
948008
750886
420820
882751
84553
230739
228203
15861
38358
71333
611385
670025
541486
915293
605173
433831
248176
926521
155556
46862
614131
750168
354354
870033
967035
948091
266764
383657
273775
505978
85110
219327
176276
158208
490139
259450
382435
138101
516076
722932
857390
839528
530863
745018
393597
390203
816903
840482
928586
93991
593250
940603
916423
331522
972552
85837
431301
495614
172019
448062
439800
465741
738151
655330
280155
584805
596941
374795
199818
347114
217903
809971
426356
581340
91939
156805
178698
944039
633988
211398
396823
193122
937459
396133
824341
859454
693239
40539
831881
450950
365842
158192
37687
17536
165245
357679
157628
298099
626717
814596
934617
332682
751327
901382
731320
160521
160816
163834
166756
144000
607643
881799
404995
692851
405152
615624
289622
679010
389285
360430
17305
832426
425359
653689
193899
594969
447197
276338
175110
163523
738335
697558
901232
696265
863264
879168
61930
404708
51100
87810
130408
901851
764856
740748
150342
79550
828099
392530
373191
454034
904516
183043
519186
772583
617991
55976
582807
247177
774118
995318
621268
965573
919701
641039
980162
536309
818161
714239
699038
140238
561122
235120
631963
692645
959540
849810
608862
269028
337251
17517
870786
52986
151330
795872
684007
260955
844861
414086
20724
940670
441140
758101
646007
69492
878460
924406
946189
144512
801595
705166
794123
131639
755808
432929
500514
929594
24459
69936
968377
676890
555503
855052
451037
791757
469899
705097
741048
114587
401107
140210
820717
459903
809674
548268
455403
4201
700544
352431
470943
593502
818125
577089
285393
60251
858606
653496
826911
54443
522157
462913
373602
137327
874767
979333
322504
370973
411389
701697
424905
950486
918024
842552
244650
446867
392109
806203
461238
764533
985048
841565
174616
986436
496092
708780
249286
859182
267919
86030
422485
595746
120526
877191
129974
393217
94611
419306
798747
764125
797526
939189
800207
868256
609919
584625
162339
157927
731252
447091
171291
830337
325243
323923
463020
341883
97142
571702
895974
471254
791103
864318
514099
158122
732622
2112
829771
646666
491749
338470
431607
63710
486680
64995
509217
385840
773651
905564
935547
17340
59088
515525
172708
919297
198815
448044
221191
800023
211568
138615
53510
919778
378911
861874
559978
630330
283615
721351
675572
42413
424804
586383
849794
388484
491463
388029
996546
774044
231413
732276
945880
662220
21877
461652
834655
977249
618429
26421
251603
869339
737842
922011
194447
42177
405083
955965
843344
610713
981454
408191
578386
493666
174746
931402
37170
24201
282065
126225
469679
219673
165997
471299
815225
699067
724403
293068
66237
960151
888114
292789
374296
278448
995677
414729
31220
786561
126148
779476
572025
331551
1502
938495
403156
748383
172173
849790
385457
514392
750454
184901
768797
861792
922011
313913
472684
617400
212834
892442
764568
871087
538898
310205
583723
713812
352457
636318
846446
421074
319345
272494
561938
799490
328995
202529
286401
346406
665029
47042
380818
398925
561203
485833
809790
923855
797687
986481
761631
326696
816855
341811
337024
604967
501988
586966
921046
799240
919788
510307
470655
404041
614043
313167
291024
577249
771902
466537
535937
669207
253072
784325
800516
133965
744160
151619
208827
437287
61160
439886
620396
512808
927454
645099
554122
700603
613271
340995
738317
711449
853532
853203
743972
507842
287804
586468
133711
922328
568070
286223
533182
847271
306588
959695
810834
98988
671710
29245
164377
495971
837642
656754
339844
176429
588216
569770
894689
202549
176718
372452
736310
710455
557505
686635
254186
380092
457697
772261
491087
360158
45745
529580
286092
155208
16404
454099
291423
762000
818715
701874
970520
39007
348296
963222
523102
256305
172982
691417
308915
399903
183593
485725
201320
982456
63102
398947
663806
267571
465037
398758
652574
861198
924910
794628
794992
614402
383459
84837
339097
763593
875843
916188
77799
914289
177572
758735
617602
516460
97332
999996
819824
793821
212017
645422
662171
936736
669182
454090
547284
926759
29195
448267
784424
616513
706332
868869
284853
394851
102292
414157
747546
37060
67327
355593
676652
448036
714510
112585
31876
470255
107803
209311
306350
360860
644846
423536
301765
823016
639692
664522
308812
636803
146976
851350
490524
481166
698224
14368
716181
405388
214398
372914
194390
441130
987510
625063
187734
535267
63779
298332
915671
828384
957325
532233
406963
282745
15449
321259
916548
610321
494161
600385
964603
264289
33389
370960
151308
216265
479096
800537
285152
227799
890738
927032
466562
806442
8814
704031
238362
749979
886904
271477
846839
178506
227663
420236
895026
777896
643565
128144
180348
699738
474456
219963
229947
915517
99014
870212
874748
935152
56916
431927
813687
704224
774548
89485
851830
510069
4852
665913
920527
666077
76387
785154
176743
438906
341312
272395
275688
444520
322735
49976
459138
555881
769053
294904
693929
746717
439808
998301
820639
389383
628561
617148
607848
236477
131509
544112
312348
694655
931377
598162
741291
930473
129053
348620
935967
720513
61710
171414
303180
720161
499503
194018
365001
287429
111695
981156
452410
795980
739355
38691
353656
919252
305829
515784
539912
523795
433090
112246
56807
465498
892347
923393
29888
903063
275499
200585
321012
423317
156707
258608
805655
496471
991538
41200
862469
621317
657595
482915
617609
572536
365607
852466
807916
596745
220399
719943
957410
826196
671488
192169
903250
821335
145720
342523
135559
264159
589369
520180
410030
247565
811592
570772
606674
747167
445145
704295
320379
618964
963537
871437
891117
762557
913415
895590
654116
136478
960354
956936
560326
980832
559405
101835
296383
734010
737733
907657
285674
323345
80510
503594
207949
890606
315792
35717
472686
193022
109014
514197
277244
434432
966985
179942
511641
579950
619525
782583
735008
540459
412347
622363
261632
108129
995240
841996
899023
399608
832233
302621
198315
426508
491074
598403
168497
200467
971614
718778
251790
953297
822387
231980
231289
683890
390896
975105
574849
538664
703416
433896
674116
697977
593911
667620
846654
787556
506812
718336
54373
551441
345439
439874
86920
302348
67794
24194
92969
306967
351626
213591
113541
118277
171469
111459
683903
539288
901213
159907
248535
998565
838645
123407
755914
787136
701991
100008
638995
290284
785180
929400
831967
838985
513121
813644
832013
80589
80308
994669
40361
287879
714453
919055
254389
585337
783866
939724
740090
611525
842039
202959
249843
503715
253974
464714
93359
680984
72375
900560
172168
445749
470979
86371
649553
87575
95967
567022
931796
81254
262309
433326
637162
683341
467552
945221
873759
212115
314172
695993
478736
339811
882023
239760
579227
404278
687215
62721
219341
410180
97663
698784
91574
430172
660303
72303
648424
131232
536436
295473
743631
313949
332016
636378
162502
168558
121285
138793
679387
148219
921545
419121
293195
760282
315332
107590
521839
811139
479435
496510
691308
141194
433751
173808
917774
942011
813979
1899
271050
795209
53851
395959
718197
594349
400029
730627
687986
212617
706892
342473
857989
34957
389230
870172
19517
454242
438841
75916
913414
781194
160345
606806
122490
490130
572508
799747
381943
90578
602428
527963
736733
643657
149086
508408
805319
259216
78366
47072
131040
996234
710183
472502
854453
540719
407716
965746
35980
940292
527306
976640
552421
457987
6737
867247
866666
30545
801760
573660
461882
874377
249126
695438
498892
313204
77270
236628
779942
654431
643617
791833
252786
604634
78694
499354
509667
113063
325648
922800
216549
481419
105053
741326
273563
961981
641084
343920
262699
723970
427279
439337
384114
276050
611471
701616
974389
521465
373468
946116
234827
338674
612937
467685
818548
852860
929860
409772
391772
324599
414593
199757
869436
455241
377508
51722
830042
968567
227101
328032
623647
856409
787394
914159
171216
362257
489508
535793
414184
915878
648735
92436
481875
356421
860334
310705
886550
733159
327834
420321
307004
78258
863835
204236
760042
36985
568812
363688
396281
373514
232605
881162
621066
494886
334612
362613
128185
670867
614946
663191
301899
13940
920929
397163
427811
303200
808466
2835
416358
444713
391233
637820
344195
914848
74833
415586
692992
49881
374008
686609
37143
979116
737796
436807
958422
155705
615885
418744
667820
302508
877898
199121
315538
657640
133160
59694
359875
704986
54949
362679
273976
78159
246511
983144
281931
817523
791170
840526
904606
539901
126382
290998
478402
850930
506601
584350
981389
613970
606794
248058
364703
419357
639866
909628
426241
539852
991295
840071
412677
854440
989361
191398
604580
748542
990260
899271
62142
222462
836202
122815
207201
945851
473575
694599
191828
276027
223727
44334
659498
821899
22757
341258
870061
337337
514562
172283
859926
181429
897899
574483
974831
350845
201109
629060
650691
570931
20871
553268
677619
731322
717672
452158
510026
553274
471876
298226
915568
671281
740102
452652
995666
69504
674584
879099
499471
499710
90535
219848
172290
366184
86351
986745
96492
122413
876656
166293
332748
936726
112545
963200
280572
118036
947062
470100
144021
569028
157672
717618
467340
297439
75683
840995
912945
738638
513616
97570
860211
595039
802584
352972
53064
242664
406277
297088
398701
495792
768772
806931
586736
559618
711528
5591
424506
915586
657112
525298
723680
787482
814545
316807
445961
476071
974988
456348
22361
840034
144499
825867
932177
984737
639769
944160
656285
692625
519945
163626
153971
372644
871424
420821
729506
151242
396299
447185
476111
707857
368146
640160
690461
627224
759402
455003
171840
984502
527889
691709
552195
813789
851948
851629
257280
769284
424835
978954
125683
346657
714561
140995
465379
3519
431499
852574
616810
951388
574261
728285
891060
541296
858236
228365
574544
902906
408320
176328
429956
603857
939253
390399
456928
913243
384445
928300
590299
786462
672415
478384
889649
740373
231631
643251
519848
181892
121827
490613
723906
216560
310667
743613
604226
41799
247473
405081
764517
180854
58196
187741
773686
293860
593817
796286
753151
367771
880097
81180
570876
940683
602328
80303
748409
245028
610486
675882
789095
972308
964435
140752
441527
270047
527846
158251
799766
852986
225041
686532
605650
93296
187774
462845
405622
347619
505545
730650
580267
574036
403331
227643
223169
299719
678459
325761
936714
521938
1714
670113
422492
999570
25748
552054
734790
82025
77188
387353
163048
881101
931488
124031
763320
508514
106640
906006
670565
870028
620842
356160
726345
602673
16804
775662
600271
10630
554491
414552
333602
567874
830474
657017
976439
682820
638351
73314
852442
169865
501764
863857
649464
470307
769887
510536
788507
451792
186710
891801
251527
886540
581725
17855
342489
597885
638594
918853
486904
948938
781432
430763
739833
991061
178207
449564
975026
799293
361804
726216
868239
98636
960449
987930
205437
461223
112016
781977
871960
913195
243196
68712
808234
241873
124223
448493
275990
359798
975373
600785
91441
951506
403716
934726
844198
134153
785474
888430
813396
763195
196535
706834
132835
569974
195469
121158
679371
522047
399508
92775
669834
990350
171693
765320
305906
674668
7004
428797
955358
717919
280620
351267
165692
694178
186632
896010
720356
814869
154738
223919
444538
511721
376235
349276
631991
162370
846078
410522
609997
480794
925177
299297
266792
864054
756696
405335
498507
815429
212404
34898
799501
195347
355378
444234
728311
308124
848970
179354
185692
192555
931717
938391
440973
928824
728617
462941
211022
554607
561204
406227
229287
380666
995750
911832
388000
942199
714391
324016
844253
87731
321425
83142
598647
306559
675013
575879
306296
702992
101732
558118
202631
514727
624607
109247
373467
649432
798481
312587
391641
391140
705582
529352
837411
491635
462560
70439
505519
776416
631538
323678
561938
361240
860871
867773
956078
898574
200824
567927
828400
421739
871416
634740
858906
563956
432566
9616
822036
346364
597900
900963
108071
346320
763727
603752
7716
719017
258097
52163
284942
697783
190403
352228
251821
639053
777628
153664
43168
501640
833934
330758
897359
220509
617397
449351
635092
763553
327054
297110
445699
36157
707421
379063
564762
79633
102500
763767
917182
82891
474436
720203
230287
923091
238105
414188
363687
56931
551633
243010
840233
805112
503492
633107
350324
485588
98714
266768
20077
696061
880850
788566
436868
329158
342817
632994
20769
76761
475280
258136
437845
323451
408473
729424
512030
473837
261468
282570
576196
724811
215861
136435
363375
578302
801820
39624
310964
728981
19176
409073
345509
201951
660654
823078
480917
619817
26676
74289
375462
832928
632888
888595
942077
124716
821571
492183
422327
799065
890141
777061
114096
662748
29295
773624
634678
274170
212421
680075
976582
764866
245232
79122
137947
210507
895804
229849
487463
303191
664785
468451
202050
559608
739209
487454
575830
803430
949145
255450
191660
159100
539995
512604
608956
663070
958618
882687
334089
194159
28060
589877
213252
881610
377727
694676
625190
546280
476110
672484
324416
238649
956936
847872
620712
526573
763835
358332
28535
285736
583761
998705
670135
952888
36677
969641
636442
281478
989183
823410
162748
909924
109327
902315
328067
849830
51152
781354
824711
2469
986810
988240
292726
488204
765630
342246
64124
757869
789608
333807
510612
104926
614005
731383
91051
101012
51473
636789
969722
347554
189139
906834
322483
427722
260963
632500
963888
279963
118183
229818
697677
470095
872109
656529
531319
750450
522422
509160
649310
443790
656306
805163
784723
5774
792570
441348
905539
725400
541006
324718
460690
425157
550775
345600
84308
46301
121126
538752
158129
131156
711879
787629
633196
251475
112141
153600
82539
672574
667999
812737
820659
677211
462703
430269
612611
806415
860708
339092
322096
236391
190162
399127
490570
817033
661957
29168
565362
523606
433026
332775
137096
395054
369863
724518
929889
211725
702229
948279
652670
526246
451940
100463
640939
283310
20369
157242
301182
303155
186847
77044
745175
281873
366591
808592
809664
796832
505424
539605
30499
49576
187087
914606
384019
306735
848002
239742
875500
780116
657079
656145
678656
916478
222210
320487
38170
850387
386659
828028
560723
968837
521856
848408
111343
874550
727315
280637
910736
899737
883205
928509
904618
790376
171434
837199
441630
518160
218580
218735
518137
847704
77494
395275
201901
817234
903764
990668
551879
332685
84593
583981
544110
431914
734421
212549
426568
147936
227213
549337
42462
781772
95617
955343
928803
965808
137373
560066
665937
507437
665407
679934
297165
929626
227323
412653
731212
381823
890294
66750
954689
67535
10352
441663
957385
1891
823844
372114
761829
210904
723887
275301
594957
932438
598847
95167
678338
575751
853243
107858
667408
428798
55673
115080
42209
448995
584429
226398
511417
728430
519964
551542
736097
77227
671944
219781
725622
493735
837554
40651
221480
929166
613057
795926
29445
69840
781208
336103
723010
722083
344377
767835
997181
246935
595969
84491
233547
620877
47538
428333
737803
803455
431463
635133
710122
339312
636651
980061
389212
333321
402194
845105
835706
551500
358802
965657
365776
15292
181941
459054
647327
307497
410689
265945
275269
311118
211486
700235
32672
949781
293656
675141
653561
813639
931150
444681
789437
75960
505365
649625
192157
134170
742552
612965
814139
174651
828673
781159
828104
467107
546084
332066
261568
822201
802621
712374
149804
190430
759929
323737
69977
437845
522531
470208
556840
152259
487431
319473
551394
538798
53033
185679
427361
407976
270508
215217
699620
625777
448593
395763
108740
95337
770991
936566
868622
48760
698099
767387
635338
878961
285069
372073
190511
671752
553900
922621
255065
571023
196198
807063
306141
738816
635213
264379
347985
903668
171990
952814
365022
513435
715374
874171
736114
349034
116370
308259
33023
730597
409543
787037
69367
165634
896836
288239
248925
537222
977811
86946
772787
278256
759208
615838
866520
582527
131782
707771
73404
877699
372379
985142
991320
743646
6719
55882
717470
192270
920554
921157
967263
68586
729856
821714
608561
906323
925937
126507
476362
769204
667649
190857
585737
412031
750928
263717
949440
9700
398490
256777
249881
17182
396025
287849
830454
725960
623383
141175
283218
909393
615186
562655
798814
619561
104352
756792
709210
127513
351800
927332
387089
693072
504726
587339
460591
272183
243257
200316
944593
966551
296782
441637
607842
473384
147710
332038
841223
709472
711525
94112
199725
648405
456237
485617
960193
181835
208982
776017
625274
374773
588755
962938
622090
479402
278927
47009
858667
456180
596244
598539
921956
277907
8801
60903
802043
879243
174952
176834
594090
416211
412022
878543
107757
26159
146187
638453
794670
256706
301645
336083
380280
263875
321305
857068
686870
911978
445578
714281
31159
991008
437979
233895
63358
591341
702045
88360
952583
911238
83588
797503
503200
70434
707311
362954
470308
659314
524117
697557
440165
827489
86630
659042
940241
603236
442083
319277
3164
803727
652454
296228
680385
510041
446066
491471
67137
484783
688397
397858
710315
940750
352605
259198
913422
71668
879875
624333
526413
412468
172072
83022
418534
956093
980251
56231
576198
365576
952297
651164
209267
843264
846077
259386
688267
829588
357651
46853
52547
192713
787012
100422
887317
846333
694882
311958
551612
252592
845374
447452
401231
1528
388980
138568
347484
956845
299223
28417
622205
879389
463427
80519
352281
758801
839147
28859
886387
492563
771663
914143
982086
625827
620831
946935
409283
288272
808398
945705
442555
441193
137499
383903
15828
230871
635976
532769
542349
307483
168163
335332
720922
936891
987529
635890
147085
236329
99502
684448
32206
868872
966414
866300
978644
130013
692530
233230
532397
132132
530042
717080
345917
980519
585698
499274
662810
639913
724460
546215
583270
288998
736278
541514
436733
933783
553218
616221
714367
387996
736766
340090
993559
780605
81050
69571
306198
983968
45205
306297
659773
512615
874164
7304
748728
528171
469576
599190
379917
533052
379066
797437
911377
147487
743927
886078
811823
954810
138914
897010
387374
846626
101783
330059
251273
458660
251885
670122
335620
953810
611524
920560
972465
184950
583834
938826
963215
55829
238639
932740
816069
850848
457637
980136
29891
661025
151546
60467
659474
410964
671137
192759
639817
253356
378111
194656
840831
70739
51668
177491
483314
286501
94322
66715
480385
307965
117455
744602
198761
89239
497405
278004
310160
535083
857577
850622
797542
7255
170363
200141
60341
221989
573871
320517
44517
516316
141553
972819
708317
727841
164712
609006
318643
421526
869453
590037
819370
206173
645407
739721
805029
315076
178482
132356
199361
135418
156172
529665
596544
247824
841922
864348
350295
126114
125738
606557
478449
660016
233824
23877
345508
997692
767331
717402
424139
722346
594513
217108
538801
678015
163356
131462
276111
504636
998340
208617
827440
610425
237705
319174
543371
487646
652464
948237
217560
770121
548162
810431
444763
840513
875306
390005
302098
763721
218086
562196
333218
115325
718399
47867
70282
446685
455254
729694
522518
253438
533593
847943
83189
347067
728070
272170
745452
595105
53101
577855
24523
769526
48686
98932
167508
297993
833679
152945
703981
350001
38597
970948
893778
12206
757563
336603
229523
874638
618487
133232
170452
223299
481991
465455
328950
886202
930181
906639
201656
13505
891416
702665
645889
345578
263120
188015
936342
281019
329108
815165
11620
676929
118133
666941
223995
116693
104442
245745
30313
583675
727367
918511
598797
274635
371786
115518
312720
462759
42907
871803
29562
620662
186575
328302
372495
824025
572169
439938
510449
761819
67558
573815
177816
197933
715267
380859
98338
509085
341555
801897
50621
697359
533050
808715
119003
50053
491272
988773
575977
929510
483742
427124
735237
114261
638725
420890
224767
248064
163192
364154
360561
295585
304465
443951
553624
451775
808497
855136
314700
615901
77780
760217
80850
898346
108767
828506
797277
296002
483200
719809
34360
60540
755037
385472
769471
839074
873679
551925
7508
825994
762610
970726
649946
770080
834082
705304
266001
532023
410687
929105
840077
698745
310478
792062
723986
316226
334272
705423
377989
85835
657620
685403
190159
501991
378199
141778
98591
876537
148436
294836
247402
308144
245622
331099
710216
168729
623574
696342
885522
425553
183184
585389
625300
800052
351385
281371
205310
507164
822826
21564
907225
244726
387486
424668
355722
63090
197988
15386
544764
445916
393290
560985
611026
362548
988144
374898
896436
142102
858002
127616
930611
236460
680881
953952
501185
239818
117651
487403
538960
892922
694123
54583
324066
847805
842858
157877
322161
79710
844828
707980
84403
892767
804476
502084
968176
703185
860090
507948
40869
523935
24471
389940
610264
456438
83123
970653
557298
490003
934212
795307
666766
732974
960892
55442
561308
119183
962865
455745
457578
685801
595752
629038
59370
907345
843211
675113
329214
546239
104752
10084
696474
580334
76886
282785
560327
363780
808808
326487
15327
550760
315559
887353
601108
407729
632561
575208
744592
837423
831658
190577
452844
815091
639489
278873
4659
157102
498115
926429
224712
14615
26260
429281
560910
1904
345744
975848
262300
131372
87934
26032
321837
195433
218550
691934
854107
495605
246711
213172
513523
183310
826062
14557
692456
218013
581970
323981
386010
69463
69871
856349
203598
954115
100635
695608
118402
499016
393523
518253
298696
266045
970898
146977
340728
933668
782862
88854
266756
275726
492755
917718
130890
173380
889466
60760
90154
407607
248230
355804
34858
91582
414394
793977
434041
505960
964504
783165
939667
362539
327450
368678
782063
733025
92198
94026
997623
162006
287495
98976
748214
193979
53903
672236
161804
337854
804187
21796
263205
318614
8410
726962
352341
245897
874610
912278
691785
488395
374008
231551
339008
939373
372317
642410
597669
19597
166191
91134
274365
941510
804293
66287
405685
710266
104683
561310
661955
387228
148091
468840
97125
412613
594506
381911
199449
865491
166214
642089
434141
507511
658748
453032
269217
992261
895559
44284
463669
899409
7844
880618
633093
368758
830689
295475
732935
280315
150155
729787
987915
876475
249845
402800
965747
118467
701024
13155
200081
404813
701028
268306
315282
222616
297528
942938
40023
624380
324710
680409
767777
308772
113113
624166
926782
501681
913460
249722
878348
863071
849335
216767
379502
996853
352167
759234
728387
939408
934894
776816
319289
964766
501679
333148
107124
322666
355986
999493
519262
114643
71813
867877
904265
264977
700185
520181
367683
480927
511870
631718
781016
148122
563100
218870
39353
157784
490899
12681
585132
818288
162684
563666
791682
610749
801386
627110
227195
109909
565270
412010
833527
192116
744839
762704
104045
416221
956669
12521
799571
993635
95822
798107
246843
797679
456098
262083
979524
573187
677732
410001
600088
712238
724319
114150
51509
499987
306531
180754
292308
434317
241593
383942
68020
450729
574500
859317
916931
764092
471752
562427
310605
116564
387885
76780
450897
186510
218454
857194
593973
60606
237172
531905
91345
415050
308306
881883
173228
111346
863398
857286
470476
723574
9314
534747
788305
940217
954054
75740
882155
215425
413166
894255
40610
162016
827653
187758
815325
648257
570122
85405
360277
175851
256769
435911
566405
602127
940628
915248
485549
64409
275815
257002
201071
705747
191183
878612
557659
502354
30617
751727
720226
147323
779602
96010
787342
400153
235285
615943
214947
305562
635062
386009
826626
852534
567238
842847
715152
731911
85255
171058
675577
601265
641639
498539
900448
40542
447552
657576
304583
55795
31304
555327
553306
469565
462050
21086
64580
649868
379608
488130
246928
626195
618979
568903
733939
842945
434100
915179
85033
337361
851778
68532
324935
85110
396977
505106
490665
895976
509071
817073
23717
678638
762957
950848
456705
799905
703069
500603
720804
288761
778378
767995
732697
986141
525196
370933
197653
673875
286893
822143
262829
753555
432900
469130
188099
779794
249121
1912
37046
411116
729351
876811
904597
251932
425257
917258
146028
997973
63922
15645
474099
282866
262442
451068
885389
62397
679480
916401
970163
84352
750842
828678
68443
497063
632220
23529
292664
545816
146854
170582
410469
927514
827369
130233
277448
673417
619596
70294
979204
72387
828657
35348
854781
782504
854102
173734
759683
338439
968166
575551
424776
955485
187993
932771
310903
192240
146585
765828
538557
833536
549452
544544
564015
83665
88818
986081
235995
586782
110262
49879
361203
770217
169092
767690
280324
547998
817415
340501
89492
799213
785883
370254
659913
419715
928233
201717
986647
3299
763113
490107
757925
904362
418207
688307
516462
198932
740279
398002
872971
743008
987466
306265
190861
364985
485904
852350
894196
916962
594173
281931
50926
845087
555182
343252
535296
590078
573961
67785
595284
77725
349509
366966
162745
981714
689135
198327
799165
537551
87189
743231
546034
479275
526971
85760
416976
131050
632987
529604
942035
264517
993375
124278
796083
93694
838254
288603
809000
776552
137886
496709
982660
725957
973902
792623
74499
367644
522034
811661
701803
644184
911613
968790
681064
409118
108854
508678
823781
912870
913272
746508
461087
926738
752417
18880
349115
937468
278249
576570
823927
353255
242069
243904
162478
577655
976686
153456
55367
264283
396570
339583
507879
369035
366618
320841
843439
230039
289751
544638
809657
190992
843923
516726
2896
91243
255275
857541
708052
940174
672864
443632
226008
747994
470842
54687
115387
749604
119838
285725
469057
553086
818866
424274
140536
255765
747990
1758
198072
89432
624518
531627
281503
643095
472837
786080
251728
754410
919014
325970
493917
289447
154114
586152
976539
53918
855503
514495
478325
574947
313302
877657
554543
602392
42808
88069
834004
360701
447776
685279
120262
245571
745972
35619
622427
55099
933687
418510
205677
381867
810020
344917
337565
719255
396116
368443
319763
110058
922103
707973
478259
100375
182462
802137
484938
173651
773291
296124
390022
899007
110990
190062
61999
735815
209755
682248
277670
658603
249819
220773
920035
805491
354841
913964
2298
28472
168729
617163
381291
639129
788514
20459
673789
144510
412434
260088
457933
476232
206977
756784
244288
707076
221907
632953
742429
905615
923871
936841
755193
564869
489083
140139
179196
884226
752900
476233
187705
605864
601432
787141
202918
623413
36279
208419
626216
281398
102931
350489
789932
259770
629844
501387
915024
788139
906689
83372
800746
411516
695925
545448
504995
246079
217206
158932
749082
80633
165518
697339
429731
576748
841316
434348
116040
449108
344391
775756
91873
136180
732059
315986
988499
96466
390890
579007
707693
94205
853959
264046
559849
558516
741167
791082
668128
236033
238233
788237
308325
853215
613331
41580
124749
386272
990241
704466
790378
437266
132662
822444
840734
799177
879794
509366
612461
168253
534559
663731
251602
96464
52269
641018
242731
706491
422014
226860
223224
640151
843787
225204
601211
510576
363684
469443
230926
89745
739681
798834
65687
447249
737399
765721
571973
992182
589789
759461
781453
109418
503668
333461
298284
709846
763105
728585
684674
988486
924357
203303
254248
513281
448667
942158
25496
906040
363875
205239
532762
518695
757982
868238
632335
486850
99996
745025
309270
242084
453874
419976
604717
833766
838283
696128
976984
501314
298607
78980
222793
804506
348748
514849
750295
294978
943178
820010
459843
401197
588773
639824
345829
965444
610063
336324
848324
279300
11686
876558
114058
425211
202682
307981
872368
397974
389428
438367
779837
73324
227049
567752
365901
526417
609963
486236
363668
397822
248983
621891
370718
444083
84395
599390
625658
324561
404049
97495
79258
63167
157336
784608
500768
368906
226919
850311
164866
206515
724347
13108
709768
448499
153691
403644
416185
524602
430809
943487
173917
828371
230254
574931
705429
321698
598827
462143
133580
821002
238019
497699
894325
836435
421078
637375
876230
864916
154993
965812
630029
497869
621080
637954
938684
542179
689114
146462
650725
811913
362701
350472
681651
770072
169187
681826
95030
189817
81247
256402
78025
333496
995097
643076
32370
312213
456689
22370
804267
494236
234329
91272
111885
819204
675591
879830
67882
488914
856654
203401
519914
799627
493778
454189
895591
849280
403946
658678
291275
543241
250341
316170
750652
500614
947411
711521
67412
464821
947940
413741
79654
310919
96088
860842
292841
54235
894253
178341
529196
160894
456050
741791
234294
172778
697252
860385
662299
696247
604134
175468
700184
581682
710850
918791
27497
730764
221304
21883
164489
239632
106707
380266
163143
455363
734909
96280
658115
307325
480074
675796
418098
327693
391711
114713
263529
272294
475364
266712
791372
896922
341700
988175
978246
604726
617366
785724
322953
530680
302224
253454
419327
369666
90261
236031
135173
118624
42688
253256
258985
830875
875292
879222
241875
480908
923139
217881
51582
55389
791331
961979
218939
577811
750811
576777
408138
735381
853987
384418
209821
207376
959807
361051
64813
974458
778242
12655
404390
462483
494157
719272
346396
337599
449493
762144
962177
366717
22713
146712
886049
937055
230606
339675
180623
462336
393230
8068
121340
342494
521639
794969
477637
394235
290169
226403
307422
900966
406872
858601
856319
63179
930015
628751
526461
763149
757836
318066
74502
45467
214368
284894
343822
345442
882608
169643
869702
969080
684085
481635
581571
881808
44480
510344
606792
954143
683555
753140
737828
495965
473094
555437
863497
354236
185330
961309
131944
941901
465036
74357
325562
74840
302501
864413
818181
134253
244063
520679
737243
689833
436573
28119
929106
904521
577476
872120
21566
806173
850184
989309
971859
523416
113875
644222
117718
737351
211255
621226
704791
953090
567573
317167
51043
733223
399199
552886
524206
481501
512320
376825
449995
641509
906947
689675
289940
462121
500869
194767
286952
282978
48962
507648
503768
425289
462435
876585
154002
711761
718848
79340
947984
543299
939940
616085
284811
367937
541042
513004
426777
238600
804262
422616
7566
331995
492340
861721
45884
753370
115882
35060
779273
406076
325986
496071
789624
192365
676772
798
12457
187307
942938
445149
997719
15122
952636
991087
82740
436831
565259
599893
967302
868107
28143
855172
856531
781549
269079
35536
428181
342549
338681
866024
543846
763244
45489
559441
35853
677517
577227
703619
839160
487164
218187
509988
201956
912542
848215
403921
916863
51259
115395
684324
542074
833755
844866
963881
658673
935907
120369
720129
513132
279054
422616
614626
220161
494116
727343
660365
975237
143504
353516
744888
298092
166125
876986
890883
842196
268275
871284
973176
48475
922742
990570
574270
736103
979602
346659
548297
56981
15231
983251
529555
900933
649153
602486
956748
939310
106114
256407
447147
760479
16158
932805
42729
371915
402714
702230
993884
192259
906866
704235
233763
903521
538338
368586
721236
153147
868162
945533
96693
198340
346400
343486
596289
728246
634148
326970
613934
321312
248450
807028
601695
187162
832849
799034
287468
828336
560425
629536
181731
440173
486697
979204
316085
669098
898566
18494
753331
685084
341922
744641
611113
830042
260242
217411
566800
814370
812409
204028
131664
277936
520204
100220
830555
163212
266729
677536
412013
305851
332644
963880
261865
183801
800428
382311
132108
64004
945153
506833
688207
577116
528678
388837
584633
496977
172637
58843
19668
42650
320542
10394
359425
817805
958278
196964
392704
97622
955215
964754
631736
564647
890207
624874
60650
915679
672349
385224
735501
661112
396296
301433
682644
192152
612964
715894
295447
844471
351265
751554
20844
601325
96645
263999
253316
252640
950010
209461
648635
455289
294112
881067
651872
881438
305451
866758
804784
617096
627520
781545
634279
530794
226831
931932
565069
500679
318026
528619
610563
535305
511904
104738
931998
525948
932438
144971
537135
602475
389486
945427
39399
102360
42475
134105
844505
372656
891194
557179
726451
443936
394175
911020
591208
779186
300237
8183
52420
937919
688911
704575
336741
30541
12709
189300
985870
492757
542296
320656
993783
287738
116014
91755
477123
476284
958834
781609
784384
83929
210518
780333
977636
323387
261621
132150
179309
419441
847376
5606
653026
722552
404103
80293
330763
391536
589576
161707
894102
547658
935660
813308
617109
34112
769654
954463
737040
556614
6463
162629
236198
745791
199473
645766
859178
105470
361754
476653
879286
306603
252824
492012
889766
234697
110602
882958
638528
231445
496273
316017
829100
730182
750870
188051
3997
793594
146186
81839
956245
350511
870623
422751
544083
335259
962516
1767
742514
861920
600768
241118
64626
691460
841823
323023
33836
901202
312901
534207
458875
590640
79580
624825
961153
605411
213097
587168
268596
88465
561821
971820
215811
812034
440173
240714
857986
960362
190883
303651
117591
260660
412806
49388
495852
685413
880453
733514
146749
867152
451876
115928
170010
128786
87012
