841710
838840
389182
466840
934336
884686
982143
856919
417660
366668
532768
405159
211081
261461
220949
210861
388082
555457
260178
49274
245649
992388
778497
435102
927236
710684
704321
986590
574146
816473
663384
907485
925643
425544
281399
536163
300699
685211
378493
389049
211830
471532
901533
683778
7897
366804
797498
372799
268429
404429
311297
42214
852397
905659
460672
163434
578290
782804
462640
133785
273166
728493
696834
855574
210421
300438
781689
755659
659900
488999
827323
148599
257932
907783
151189
719858
827140
677912
637408
293716
114822
428973
494492
968418
180258
489120
219531
474088
714252
404123
524321
441719
955951
31226
103027
523567
785105
709174
167564
78383
736381
545683
399258
208863
156867
332068
299251
986032
67641
737791
548161
61216
298789
55755
326867
303791
344432
646892
677281
667651
357371
196346
856297
100051
466100
885922
638401
332908
180456
426341
792849
148167
820514
537691
629749
16271
942502
494186
310313
595842
898968
976280
253941
679695
96201
571179
726491
162861
955569
284874
778322
721927
625556
499326
947526
637102
908744
902740
295074
185960
828121
791455
294038
986114
671425
569127
474072
949240
399896
271422
929340
123684
745586
840339
901183
701390
521777
718598
90731
89914
480864
51380
696864
271638
175141
328102
556441
207333
278761
291127
498189
610397
861109
593501
746152
434496
98644
758106
150726
724527
132829
1583
215160
378629
84125
929750
703758
436229
814052
894778
32536
299432
770906
506262
560615
711213
5149
381432
757254
760401
311370
22204
551559
548417
736844
399729
251303
81772
104497
983041
918082
581755
227384
88548
733243
693829
380374
465046
652866
923682
463201
483428
633183
322511
255222
650719
991984
34617
391292
576535
90583
70873
165813
233663
282616
282109
300821
161828
884840
137518
231689
974700
986549
480633
376470
534298
728952
542470
441505
322255
342840
51771
182380
821649
263373
404659
985590
224045
168528
601524
780919
298916
70692
539686
568050
996845
928676
422109
486116
988346
97317
742569
301389
255114
214898
667010
362704
570020
448362
497973
179516
116666
268537
418570
948868
911101
1118
14243
243244
832012
767729
751982
768556
67652
285548
598929
544620
805733
295541
827514
731842
849921
263405
786201
809135
834624
867636
884719
440223
621114
412259
239296
397290
995662
445689
338119
511152
21758
467943
73242
952389
694077
219807
739202
484013
926010
131942
871330
27421
813675
637408
50912
932200
136971
150655
367301
996252
573487
950403
475554
997297
869709
569664
262143
917268
469478
414782
212074
858117
997036
531611
422709
869644
124482
261468
515910
939653
81228
334444
843469
577176
706248
439557
818320
424964
159646
59073
574987
431407
848922
704684
19397
526583
713870
942976
373312
197480
740919
909333
631839
820895
519374
445324
871834
419765
301895
957215
480012
688401
702092
104680
192162
920734
560960
153394
653577
357553
816494
363774
607659
864390
875436
479108
212006
648396
202864
792417
489894
194245
309428
862940
343644
914859
490256
810739
28762
466697
87930
425773
730138
904197
849576
672861
640364
533346
606026
198103
313227
966396
33612
728844
92836
876134
20174
933671
908476
299278
644453
587596
411936
825968
410263
910810
366032
245440
58103
135082
12376
957556
543760
669809
563528
875895
242516
377666
302921
5280
812093
433987
908205
530429
764299
831449
937931
241395
35560
947076
947240
25560
588405
551859
112302
862820
186941
768944
344645
994054
52851
169694
698512
290130
495252
168808
456677
835627
880482
809870
526461
190606
384463
975514
333631
661925
424279
800205
257549
638175
498595
688673
215321
275709
747909
49888
655507
257399
967341
156092
396503
822290
2604
759450
265564
884519
935723
717731
794118
960583
326876
879098
301756
903712
323551
952160
798830
245245
162482
444636
5625
858689
248278
782270
325903
955379
183373
603083
198857
308526
808285
117054
317333
519555
533847
449728
969120
601749
900577
465639
28364
514667
229625
50033
904804
459672
447453
105022
963149
803170
441745
739763
234363
767688
131726
283052
966063
600294
441193
407797
88907
925783
83483
260030
299033
414733
231824
939487
269778
972110
336851
727574
884193
498141
76798
923660
477859
466111
576030
900048
362629
946946
395744
954294
995012
664970
237156
750112
221953
93439
144460
764701
575599
819382
107064
272248
671201
194963
785105
959765
347920
198367
564695
550189
769380
589778
524922
378429
488532
911807
345177
673126
322738
250175
420106
28998
121100
461156
417699
797968
495362
842376
462728
691215
328096
513292
619118
627386
970242
970241
14630
594033
976970
21369
660326
763337
376534
173570
517985
823338
461782
655239
158682
894554
68785
943830
368751
401134
438006
385118
586295
608786
387782
124977
27812
633710
688822
361618
10128
520029
505996
171720
21612
685541
367204
791242
372993
913746
575602
286910
965117
585528
868570
674404
569589
609329
262579
760
916495
474546
690029
203472
25724
937595
658580
684390
476964
567273
851327
17187
335138
269534
189456
423826
469405
659717
749373
89058
841213
206157
168986
431156
54697
173103
480925
143365
82883
594054
901610
68883
265190
458237
58221
788697
179386
226998
831374
687624
908254
676721
782048
119540
924780
270885
162210
162692
30449
95305
214454
97397
769295
484422
972257
161367
711742
410147
700152
112175
385359
109619
264750
781790
903352
196573
902014
886985
260025
799054
203296
405017
105815
299747
630252
674550
151402
933752
763166
843943
180645
409834
373847
292287
642891
246653
601345
217337
421655
654090
817597
756307
421212
212581
813275
846981
539188
162654
520093
718164
750504
312641
141358
630849
675823
771875
71319
963185
163410
114587
571677
35002
470799
759024
276861
629898
299316
379827
719634
459146
547738
100919
835012
594752
98127
747603
687431
828237
330611
173666
872050
489194
301477
434462
689548
297111
30392
132948
447656
635504
86848
581053
156114
796641
644527
687133
810649
897648
803769
363360
466262
585154
320730
539495
299655
977597
93501
142499
504232
71304
784286
654091
310318
511769
352149
115031
605669
754725
691690
329128
518510
656212
783540
486228
470610
354501
343296
98978
930478
7729
89249
52430
725062
578580
145744
126098
747584
76373
924267
441692
574574
548489
13056
123570
882127
682080
143428
120677
180728
161957
164252
761374
734868
649400
377657
504718
398275
822984
843711
622863
395027
483089
811007
278500
714936
433729
953252
294325
268703
704998
448743
733639
75423
165513
606225
601023
625505
888381
422181
36958
495021
83875
557071
588151
342126
159226
805778
704794
114152
339202
855744
454280
388727
647832
376846
660072
142145
105806
855213
789434
54128
779602
225862
478984
300570
777775
862503
216888
594554
360320
258142
273653
477014
248225
666849
791952
593461
103468
738517
120493
105764
491319
560715
729205
819274
164791
420026
416119
247896
912373
564966
778754
414687
703014
395980
353983
133089
154908
226004
998504
819321
129986
61892
560866
995393