416735
30765
920231
578731
702038
462713
318421
646716
945738
7069
758853
662624
958698
955373
579501
573743
837009
846428
106707
998983
796086
223349
731386
254149
258964
76151
847478
656891
809722
853138
653797
720910
921615
435074
630840
677039
630102
591711
427522
506123
930911
22497
299613
319704
641819
643606
809314
898917
305855
70133
248487
549383
655061
70067
837372
659765
503698
610259
130568
482884
166404
775660
776756
797144
759616
65867
164014
991454
263171
628537
232343
443575
152727
882398
110900
201815
150781
965384
346994
732078
918886
10763
572637
375870
821578
8366
237397
256658
59048
514997
373021
803507
523226
572770
253194
952220
634551
784595
325323
623653